
Descriptive statistics
=================================================================
Statistic   N      Mean       St. Dev.       Min         Max     
-----------------------------------------------------------------
X.1        988    494.5         285.4         1          988     
X          988    494.5         285.4         1          988     
year       988   2,006.0         3.7        2,000       2,012    
GDPpc      988   5,395.1       5,289.9    -3,175.7    30,874.9   
Rural      988     57.7         19.5         8.7        91.8     
CO2        988     1.7           3.5        -3.6        38.2     
HCexpend   988     5.9           2.2         1.8        18.4     
Water      988     75.5         17.9        23.5        99.8     
Sanitation 988     50.3         30.2        -26.4       98.9     
Unemploym  988     8.7           6.2         0.6        38.7     
HCexpendpc 988    121.5         165.3      -213.1      1,103.4   
FemUnempl  988     10.2          8.1         0.3        53.7     
FemSchool  988     97.3         20.9        20.8        162.4    
LifeExpect 988     61.4          9.9        38.1        79.6     
DPT        988     79.9         18.0         19          99      
Measles    988     79.4         17.5         16          99      
Population 988 40,890,589.0 133,140,255.0 1,063,715 1,236,686,732
DDif       988     0.9           0.3         0.0         1.4     
-----------------------------------------------------------------
